function y=input_data(t)
global  n
temp=zeros(1,n);
%temp=[1, 4, 9, 12.2, 3.9, 10, 5.9, 6.2,  13.1, 7];
%temp=[4, 9, 12.2, 3.9];
%temp=[4, 9, 12.2,3.9,10];
% temp=[49 48 8 39 6];
%100
temp=[68 192 22 172 37 27 0 69 76 128 40 4 178 17 115 70 101 29 157 51 120 8 71 133 189 67 175 166 112 140 45 1 24 108 103 28 11 152 125 12 30 96 139 58 102 38 2 92 110 94 86 44 9 130 49 18 119 147 60 183 164 56 135 65 55 10 7 137 78 66 32 188 144 193 90 117 177 73 145 83 173 150 59 5 131 47 105 153 138 81 165 143 176 198 34 127 191 155 36 3];
%50
%temp=[35 87 92 77 70 22 58 63 83 68 19 100 71 34 94 81 3 46 86 95 21 72 90 52 27 43 36 18 80 26 75 55 49 85 47 74 33 91 96 88 73 97 28 40 9 45 0 76 7 16];
%temp=[52 30 27 56 19 16 86 17 88 32 95 38 34 68 57 28 7 60 51 18];
% for i=1:n
% temp(1,i)=10*sin(4*pi*(t+0.2*(i-1)));
% end
y=temp';
end